430.86
158.35
430.86
128.91
430.86
128.91
430.86
195.14
195.14
234.20
179.06
126.06
203.52
464.07
203.52
430.86
430.86
320.12
430.86
464.07
356.17
128.91
195.14
203.52
430.86
199.68
195.14
234.20
195.14
430.86
325.56
325.56
325.56
195.14
204.58
204.58
356.17
128.91
464.07
325.56
128.91
199.68
204.58
320.12
126.06
128.91
430.86
179.06
320.12
234.20
430.86
366.87
158.35
430.86
380.37
356.17
430.86
325.56
128.91
430.86
126.06
234.20
234.20
199.68
430.86
380.37
325.56
464.07
430.86
430.86
234.20
320.12
126.06
430.86
234.20
359.10
126.06
356.17
325.56
204.58
204.58
234.20
203.52
158.35
320.12
430.86
195.14
234.20
199.68
234.20
199.68
325.56
359.10
179.06
325.56
320.12
356.17
199.68
320.12
325.56
883.11
1727.11
1298.29
1686.98
1216.36
624.04
511.23
1465.26
1175.61
1577.71
807.48
1763.41
1761.65
1654.62
1608.60
1767.51
1160.54
807.48
1368.94
807.48
1856.33
1724.68
483.34
1090.31
1219.87
1918.29
742.25
1165.82
624.04
718.30
1477.12
1366.90
991.49
1165.56
1575.28
788.62
1116.80
1712.98
1790.26
869.00
1232.89
1413.69
1525.55
1015.01
765.13
1635.81
1628.66
1780.93
1206.51
1465.72
1222.99
1733.13
1443.98
1648.94
1613.90
1356.44
1202.46
1282.84
788.62
807.48
1368.94
848.53
1513.54
1290.88
1465.72
1468.46
1070.95
883.11
1896.72
406.70
801.73
1318.88
1197.35
1399.66
1492.11
1468.46
1818.09
621.12
594.93
1236.60
1745.99
1569.44
1400.62
1919.82
1038.42
1320.98
1216.00
1176.00
1244.42
1717.86
1773.20
1288.31
1029.87
573.58
464.68
1521.41
951.92
686.54
686.54
1284.56
1894.85
2315.98
2291.62
1629.25
1952.27
2720.91
1884.14
1514.93
1667.54
1780.07
2057.20
2015.71
2168.43
1823.02
2580.26
2252.26
2297.17
1899.92
2048.34
2160.68
1578.68
2108.57
1879.09
1711.55
2287.38
1365.73
1922.52
644.69
1852.99
1632.61
1055.94
2127.92
1803.41
2399.99
1575.60
2862.05
1794.74
2097.51
2339.94
2146.72
1229.41
1943.43
1357.04
2105.43
2512.07
2309.02
2314.42
2933.98
2213.53
2486.88
1920.90
1820.68
2411.47
2270.20
2736.24
1772.87
2003.51
1342.48
2210.00
1851.54
2283.61
2508.80
2609.51
1951.74
2420.77
2724.84
2333.55
1897.12
2134.30
2483.99
2204.02
2475.93
1483.33
1540.61
1240.82
1676.70
2671.91
1606.63
1947.51
1597.61
2563.59
1715.05
1505.19
2699.04
631.81
2344.48
1778.65
1772.27
2685.45
1743.94
2364.51
2271.31
2356.97
2790.80
1750.55
1943.70
831.96
1987.44
2305.76
2518.63
1759.12
1314.16
1328.85
1230.31
1504.21
718.30
1212.43
1623.93
1600.18
1910.97
1323.83
1391.30
1388.76
1365.53
1163.10
1090.19
901.36
983.50
1165.44
1203.94
1685.75
1061.82
748.57
1560.07
1628.48
1390.80
1313.95
1879.32
1112.02
1306.85
726.19
807.21
946.62
2119.83
1600.90
1111.64
1047.52
715.19
1368.73
1119.17
798.80
1091.95
1523.00
1429.72
905.79
1166.93
1658.08
775.19
1201.95
1090.31
1952.29
1472.18
1016.19
1090.31
1023.30
949.20
1483.27
1638.34
625.15
897.17
1077.22
1263.68
2018.66
1559.18
729.44
1820.57
1702.16
1255.68
899.55
1352.76
1412.09
1270.43
1577.68
1476.45
1671.04
1480.09
1545.02
625.15
1046.49
1276.06
1021.11
1427.59
1328.85
879.42
1116.31
1213.36
2003.22
539.36
1181.69
1622.46
671.06
1363.95
1163.65
1439.15
1809.91
1120.10
1518.49
1249.04
1484.98
1924.15
831.96
972.36
847.33
1772.82
1231.62
572.73
1608.43
1268.01
831.31
1808.18
671.06
1338.13
1423.65
1263.31
751.58
982.55
1985.15
546.04
1606.63
590.39
1457.19
881.53
1038.82
1213.07
600.23
1277.10
1739.01
788.53
652.41
1249.66
693.94
1020.24
1633.93
1339.00
1013.98
2038.47
1034.67
1318.50
1224.54
1244.38
971.31
1633.84
667.85
636.51
932.50
1110.60
684.99
1340.22
1797.45
962.27
529.66
590.59
332.06
741.46
1407.44
1038.00
1252.16
1106.31
798.15
939.34
1304.23
1333.21
1139.54
1134.60
1564.80
448.34
1347.18
1165.44
1381.01
198.42
711.07
1156.31
1338.22
1279.85
752.69
1385.65
1165.44
1488.35
785.59
769.48
667.85
752.69
569.74
687.49
693.36
640.56
1657.99
1287.28
1013.58
1593.14
854.65
671.00
162.18
813.95
810.72
198.42
1165.44
1096.60
1381.13
1219.28
1256.37
1217.53
624.78
331.74
1048.28
331.74
1414.88
625.15
1251.02
757.21
1136.07
896.57
910.88
808.38
609.10
1177.99
711.07
1545.71
755.30
448.34
992.40
1267.94
1251.14
813.57
636.51
806.43
624.78
741.46
785.59
361.66
959.30
1304.85
737.28
1026.40
221.23
741.46
1628.67
332.06
1369.12
625.15
997.02
1248.19
1088.00
303.94
783.74
782.01
1376.41
1484.41
759.49
1354.06
1608.14
1109.32
1477.30
1374.90
1479.14
464.68
1151.65
1253.99
1541.44
1585.08
751.58
1443.96
1508.07
718.71
1589.25
1291.42
1153.82
624.04
1552.54
1798.57
1073.87
889.80
1276.73
1988.45
1435.47
1228.42
1499.24
1163.33
1287.00
894.04
1117.56
1109.32
624.04
940.62
1364.02
1607.12
1823.79
1598.40
1277.34
1764.22
1891.23
1501.95
1596.02
1988.88
1332.41
1478.11
1560.11
1744.74
1166.20
1531.51
1479.01
1197.23
2031.94
1496.15
1027.06
1621.59
1282.97
889.80
845.35
1750.50
1300.76
1622.29
1156.55
1539.77
1581.57
1259.99
1050.25
1591.95
1716.07
648.57
1883.97
770.72
1554.06
464.68
830.45
1495.04
1756.88
1131.80
1921.84
1050.25
845.35
600.23
1225.04
1701.59
1514.76
1180.95
1500.09
1571.21
1166.94
1821.06
793.05
1530.51
600.23
1545.05
1636.62
1156.55
648.57
1281.64
1593.09
1140.39
2004.34
2279.82
2527.67
1964.86
2284.51
2559.89
2226.06
2478.16
2014.72
2498.36
2390.38
2487.66
1662.92
2586.78
2545.03
1880.76
2435.79
2433.31
2435.51
2613.53
2422.20
1847.26
2141.82
2032.23
2391.54
2432.91
2140.59
2358.00
2225.00
2306.96
2628.93
1780.58
2346.70
2474.73
2014.72
1694.37
2201.96
1880.76
2794.64
2288.35
2213.48
2627.09
2336.32
1780.65
2296.07
2773.48
2397.43
1694.37
2164.15
2476.79
2202.25
2535.90
2207.12
2063.98
2701.11
2503.28
1971.23
2214.64
2180.16
2122.50
2336.34
2509.56
2445.77
1944.62
2032.23
1857.04
1862.45
2237.20
2550.57
2164.46
2564.47
2100.82
2416.10
2693.16
1694.37
2236.82
2258.78
2192.75
2024.20
2217.05
2635.71
2017.50
2247.49
2717.16
2133.28
2004.34
2466.63
2122.04
2216.88
2209.45
2282.69
2356.54
2248.12
1847.26
2423.69
1727.10
2557.75
2132.85
1720.21
2501.37
2065.50
1604.17
1352.76
3252.22
1656.27
1015.24
1840.72
1908.97
905.46
2112.79
2690.06
2109.51
2524.96
1745.18
1577.55
2797.11
2411.69
2611.86
3132.28
2432.66
2090.47
2837.84
2524.31
2729.61
2235.34
1374.90
1936.87
1369.54
2950.85
1955.84
1662.88
2154.07
2412.17
1092.94
1762.56
2143.74
1079.97
2920.67
1707.38
587.60
2603.81
2253.81
1925.57
980.85
1669.96
1793.52
1889.71
950.76
1556.78
1475.40
1454.47
1547.96
1975.52
2634.44
2427.88
1033.44
1831.12
2627.50
1799.40
3512.44
2019.17
1152.99
796.95
175.53
1794.24
1497.19
1887.91
3176.11
2139.77
828.16
2188.10
1372.83
1590.69
672.68
2030.54
1906.87
2058.83
2242.94
1012.44
2115.07
1878.57
1604.43
1503.98
2099.78
809.31
2344.62
1712.56
2346.19
1329.88
3246.38
2649.76
1322.84
2036.54
1579.33
1816.60
2541.87
2898.83
1476.17
1056.80
1413.75
2240.58
2498.08
2720.05
3030.48
2975.85
1897.19
2905.08
2330.16
1850.08
2678.67
2075.88
1293.15
1666.80
1649.77
1867.08
1903.83
2306.92
1490.51
1979.53
2245.49
1273.65
2189.91
2122.99
1679.11
1348.34
2159.33
1659.84
1973.64
1919.10
2735.38
743.80
1502.49
1756.37
1092.94
930.56
1503.98
1503.55
1289.90
1747.22
1298.47
1114.01
1621.83
1008.89
2773.10
1548.98
2953.26
2638.70
1090.31
1178.61
2466.74
1671.23
2124.79
2510.13
2159.33
1881.03
898.90
1867.21
1003.05
1820.13
2459.32
1745.09
789.01
862.28
2020.88
2566.37
1894.38
1413.96
1682.08
1869.93
2727.33
2399.83
3353.35
956.61
2536.09
1673.73
1447.95
2320.12
3687.79
2646.09
2659.43
1660.83
3207.47
2515.68
2528.16
2647.44
2006.61
764.89
1142.84
795.80
2250.74
2885.44
2532.15
1755.11
1672.66
1465.15
1893.23
2455.57
1719.37
1435.04
2353.00
1755.58
1740.18
3346.96
1550.04
991.49
2750.12
1423.86
2395.92
2263.80
3137.20
1785.62
2310.20
2755.31
1950.43
2906.16
2197.33
2998.88
2954.80
1539.00
1697.01
1299.89
2914.72
2480.09
2588.82
1585.23
2512.11
1385.66
857.47
1713.59
2477.81
1827.56
1932.00
2071.29
1944.62
3214.48
1682.10
2444.97
2840.21
2097.69
2747.10
1989.74
2090.20
2545.05
1733.71
1967.87
2421.58
1279.31
1807.42
3002.63
2992.43
930.19
1113.79
2986.05
2716.15
1770.37
3493.34
1682.33
3557.81
2185.53
3158.60
1832.54
2845.38
718.71
2103.15
2372.74
2371.44
1406.98
1522.45
1787.10
2664.15
2361.30
710.25
1603.89
3072.52
1162.67
2039.34
2663.57
3045.29
2784.08
1477.12
1116.73
1507.01
917.79
1757.58
2147.39
1394.63
1817.77
966.26
1110.60
2095.85
2223.68
1050.25
3277.68
1873.26
1514.73
1991.12
616.24
2055.78
1215.96
2342.73
1303.16
2266.06
1048.28
3572.61
1466.95
2048.33
2496.21
2467.58
1589.12
2952.51
1705.90
1152.99
1689.23
2134.53
2396.08
1420.91
2478.25
1682.62
3086.71
2019.52
1503.98
1682.62
1125.20
1859.97
1975.87
2050.30
1732.31
2296.89
2543.46
1467.01
1468.19
1973.68
2058.88
2296.27
1721.99
636.19
1718.11
1837.25
2868.64
1305.40
2856.31
1485.59
1530.25
2021.33
2203.26
2173.06
589.67
1544.39
2849.97
2353.47
1612.41
1411.85
2570.76
1600.59
1292.93
1785.72
2157.26
1499.24
1538.34
2974.73
2495.67
2424.57
2690.64
2265.77
2127.16
1948.62
2336.68
718.71
2946.46
1589.75
1661.64
1384.78
3345.27
1081.82
2432.02
1640.33
1917.57
1903.76
2035.71
1917.27
1689.15
2896.00
2212.97
1721.29
1149.42
1848.51
1647.05
1736.61
1793.52
2444.78
1680.77
1116.56
1795.22
1374.95
1516.43
1116.31
2227.14
2973.97
1831.92
1361.44
1600.42
1996.79
303.94
2065.16
1372.83
1901.56
1624.87
2227.26
2687.12
1247.91
666.59
1987.36
1155.73
2998.39
2350.51
2624.75
750.19
1412.13
1722.49
1934.50
2422.47
2044.78
1980.83
2821.78
1794.34
1633.26
2189.84
1851.31
3185.40
2944.58
1048.68
2800.67
624.04
2238.24
2454.09
2379.50
807.48
1798.77
2041.22
981.72
3000.96
1509.03
2258.93
2341.02
1589.65
1951.77
2913.86
1506.38
2054.39
1676.63
2172.70
1909.91
2161.12
1939.45
1031.94
1352.68
2079.96
971.31
1775.03
1701.37
2671.04
818.50
1815.02
1485.05
2901.21
2911.03
673.23
1463.08
2705.63
826.94
1930.32
2141.62
1515.99
1682.98
1751.84
2996.48
1727.79
2071.89
1104.42
2039.56
1844.37
1285.23
1858.16
2183.82
1618.13
406.36
1638.41
1068.98
1421.45
2301.40
1024.01
2099.51
866.05
1502.23
1062.52
2676.87
2377.21
3183.72
2633.72
1317.33
1952.80
2707.85
1557.26
1908.74
1182.66
1665.08
1513.04
1775.83
2556.32
2671.39
2405.70
922.16
2353.56
1845.13
2386.88
2121.01
2959.55
1726.44
1809.91
807.48
2021.85
1839.75
1468.03
2350.23
1783.30
2804.59
2571.03
1424.59
1586.44
1510.91
600.23
1624.68
1561.36
1388.45
2241.02
1799.19
2725.00
1914.89
637.91
1933.33
2021.05
2962.81
2309.90
2515.91
1606.17
1492.64
2484.40
2501.54
1774.08
1865.28
2726.99
1372.83
1556.68
1447.95
2770.82
3271.25
1753.84
2585.86
1713.85
1105.48
1203.93
1438.52
2042.13
1611.15
3041.38
1632.10
779.68
1854.17
2093.60
2116.02
1757.96
1276.81
2142.65
1780.97
1100.37
1896.55
1306.78
1955.55
1675.05
1758.05
2291.28
1765.00
2058.62
2021.24
1456.88
2057.95
2786.05
718.30
2085.63
1366.08
890.45
1458.45
1346.66
1794.84
1380.83
1589.65
2012.02
2188.43
1372.42
2440.41
1777.55
2221.01
1638.58
2048.54
1905.50
2689.27
1703.20
1396.28
624.78
2482.16
1800.10
2194.56
1491.47
2796.63
2282.78
2122.65
1853.87
1454.05
1114.90
2648.38
3226.56
3338.23
1116.31
2126.61
2443.35
2078.08
2236.24
1117.68
2893.27
1863.32
2450.99
1817.00
1706.33
2671.51
2138.84
1747.43
2861.29
2095.86
2745.01
1114.62
1490.51
2780.91
2097.93
2356.90
2930.57
2027.61
1735.42
2821.20
1515.99
2243.25
1891.33
1931.69
2259.78
2535.26
1415.22
977.67
2377.04
2125.67
2088.33
587.75
1628.12
844.90
1412.86
2705.05
962.14
1513.04
2556.25
3125.99
1864.45
2851.70
2180.81
1768.04
1483.33
2540.67
1965.52
2498.67
2468.56
1936.77
891.90
2062.60
1915.05
1552.35
1918.80
2724.69
2321.46
1687.00
2229.95
1721.57
2292.29
2548.22
1202.69
2856.14
1515.99
2904.78
1205.58
2369.94
1801.09
3542.56
1562.13
1717.48
2622.20
2412.03
1942.77
1127.59
1761.44
2857.48
2260.48
2972.83
1658.84
669.50
2578.67
1549.83
1658.91
1875.15
2956.59
1273.45
1447.25
2449.60
1885.13
1000.55
1243.10
1678.11
1652.65
2363.41
1835.26
1346.32
1948.58
1802.53
2293.73
2415.99
1987.44
1924.75
1485.98
1452.53
1934.08
2689.91
1631.49
2099.84
2092.16
667.98
2428.00
1743.90
1197.64
1702.27
2642.05
1638.66
2727.70
1779.08
2416.29
1175.12
2170.27
2798.61
1110.55
2712.74
1893.76
2314.33
594.93
951.98
1912.72
1816.20
3122.28
1594.64
1843.97
2041.26
1621.60
2599.07
1811.27
1583.83
3294.36
2399.41
973.34
1673.27
800.18
1288.77
1297.86
1701.31
1480.87
2064.20
2119.83
682.22
483.34
878.92
2142.25
1416.17
2567.04
1834.23
3061.39
2672.36
317.62
1519.98
1390.59
593.83
1171.54
1485.69
831.96
2668.66
3335.38
2436.61
788.53
591.97
1820.58
2064.57
1419.34
1560.78
1699.41
2766.06
508.97
704.55
1665.23
2127.16
912.67
1013.98
1376.58
2042.70
1864.44
1873.40
2793.93
602.44
1931.15
1139.97
1818.38
1696.65
2713.92
2253.41
2674.96
2599.37
1928.62
2809.66
1220.35
2750.04
1674.24
1792.02
2231.91
1449.31
2472.05
2606.02
1628.66
2061.62
2313.26
3026.70
1507.04
1822.68
1364.54
1202.46
1682.38
1792.88
2193.91
1884.14
2362.18
3368.15
2791.87
3222.98
406.91
1758.33
1237.71
3116.45
1832.38
1293.70
1549.54
1301.63
2677.19
3166.76
2522.48
2341.33
2343.09
1033.44
1899.69
1710.98
573.58
1337.63
1472.78
1824.55
1828.49
2190.95
1760.80
2309.55
1444.13
2425.04
2082.17
1151.34
1416.98
2082.43
1287.88
2072.87
2519.30
1815.17
756.21
1299.77
1625.30
1584.59
2216.97
1701.92
2651.96
2393.51
1019.64
2588.05
1837.78
2012.71
1603.02
1264.53
2303.28
1925.87
1873.19
3184.72
2956.74
1775.65
1728.40
2102.63
2491.46
1842.93
2161.38
2458.72
945.84
2254.52
2412.36
2515.26
1800.86
1354.00
1376.59
1522.76
1327.44
2582.52
621.12
449.08
1476.05
594.93
1387.43
1628.25
1475.36
1027.05
1401.16
2136.99
1627.97
1066.12
2058.95
2073.21
913.29
2687.25
1918.89
1785.51
2397.33
651.31
1476.03
1545.67
960.47
1375.88
1965.63
1206.95
3016.97
1423.85
2101.60
710.15
2337.73
1463.12
1804.68
1636.19
1719.65
1737.25
1618.13
1011.59
1761.06
791.79
1844.27
2085.85
3257.64
290.36
1747.22
1014.95
1879.17
1849.37
1778.73
3091.37
2181.92
2227.80
1478.31
1526.16
1039.57
1628.73
2755.86
2590.31
1757.86
2385.29
3564.32
2634.81
1341.10
1603.89
1434.84
1278.03
2051.14
1062.52
1854.82
2161.49
2049.69
2301.96
2346.45
1306.91
2801.41
2862.82
2706.90
1745.30
1309.02
2159.57
3058.41
1091.28
2518.78
1474.82
981.72
2448.23
2196.92
2645.46
1829.37
1918.08
2110.02
1638.18
2792.68
2027.54
1970.01
766.61
1989.22
1743.18
2172.25
1624.58
2170.23
2567.81
2226.66
1530.17
1836.25
2413.26
2102.46
823.13
2545.70
1084.45
1193.80
2649.74
1711.35
2115.22
866.18
1839.67
2478.51
2928.20
2927.36
1802.50
2126.68
1513.04
3019.01
2449.58
2169.07
1316.03
1362.49
1926.38
1193.17
2566.15
2218.55
1910.05
2337.73
2613.59
2388.79
2193.41
1451.92
2999.21
2490.77
1989.13
920.34
1752.01
1050.25
1388.05
2527.36
2595.55
2436.50
2792.03
2248.87
1783.82
1985.15
2136.30
2444.03
2124.16
1610.12
1399.39
1153.11
1649.49
1779.92
1796.70
938.42
1395.65
1581.21
1297.00
1446.70
1192.88
566.11
1564.79
1542.55
1628.60
1306.18
1028.68
1776.49
1568.41
784.26
1004.89
2562.53
2342.39
2028.79
2500.44
1785.53
2465.58
2125.02
2248.86
2166.23
1563.73
2666.04
2343.12
1613.51
748.57
1800.31
1732.22
1874.50
832.30
1539.00
2511.60
1745.09
1345.66
1351.69
1705.16
1716.13
2948.96
1712.02
1785.60
2881.29
1239.28
1578.99
1535.30
2056.04
972.58
1222.41
2639.69
2055.86
2522.96
2454.07
1558.09
1826.93
2142.26
3182.42
1682.62
2529.01
1777.14
1550.04
2761.22
1932.45
2043.19
1985.11
1979.57
2351.84
1635.91
1743.38
961.96
2619.14
1619.00
1218.06
1110.55
1666.98
2028.62
1955.04
625.15
784.90
2396.68
2460.93
2423.80
2343.35
3426.58
2870.28
2585.66
1208.82
1759.81
1583.24
1884.07
1763.96
2719.83
958.49
1922.77
1070.35
2396.81
1897.37
1886.31
2352.32
1457.89
2097.83
2846.15
625.15
1574.09
1746.86
1447.39
2249.51
1886.02
991.58
1964.45
2219.29
204.58
988.74
1840.75
2286.82
1343.87
1880.82
1851.70
1073.87
995.01
1985.26
2737.67
1792.88
1944.62
3360.49
1769.76
2222.11
1292.77
2655.66
2424.70
2167.12
1661.61
2720.18
593.83
2406.62
1551.02
2266.19
1520.73
1043.88
1248.46
2264.33
2148.36
1108.40
1969.59
2991.62
1834.20
1602.84
1549.82
1844.52
1836.17
2761.38
2395.82
762.48
346.86
1229.28
1630.66
2952.80
2533.66
2152.40
1764.47
3294.72
1643.68
2750.58
989.55
2694.68
2221.72
2353.90
1755.05
2831.23
1515.47
2872.50
1906.33
1708.73
1627.93
1434.91
1956.20
2153.13
1718.79
1505.62
2282.09
331.74
2710.97
2040.13
1419.88
758.39
1181.73
2759.05
2577.16
1705.90
1680.63
3062.01
1594.12
1249.56
2490.15
2135.11
1493.72
1000.31
1351.93
2311.90
2647.16
1687.29
648.53
1730.19
1135.15
1256.51
1755.18
1632.87
1975.55
1311.23
2257.75
1573.12
1862.13
1402.74
1846.32
1829.06
2435.87
710.82
3411.18
2327.23
2448.19
3034.34
1185.97
1222.60
959.01
1649.04
2747.91
1403.69
1782.05
3135.25
756.56
1248.72
1150.53
2281.19
2104.59
2528.95
992.40
1956.82
1996.05
1466.31
2824.43
1121.43
2717.43
1588.48
1459.63
1087.51
2394.34
2575.62
1977.89
2965.84
726.14
2238.90
1381.92
3038.60
2314.55
2221.70
2605.13
1209.71
1288.52
1565.58
1428.59
1665.66
1764.04
2368.39
1476.03
1384.78
1863.01
2036.50
1447.25
2120.56
2682.06
1955.40
2787.43
2676.56
2623.25
1971.81
1746.62
1832.21
2937.08
2455.53
1416.85
2198.23
2533.06
2014.72
2092.70
1935.30
2532.76
1660.14
1840.99
2406.07
2787.65
1276.35
2009.64
1300.75
2979.00
2442.59
738.99
2209.78
3425.80
3321.68
1677.89
1664.71
976.55
1250.66
3004.96
1849.26
2130.48
1202.46
807.48
1811.62
2452.51
1608.20
2660.71
1656.48
441.11
1536.86
2299.87
2639.64
2013.06
2170.52
2935.47
1338.30
1842.07
2178.29
2190.10
1663.50
1468.19
1623.37
1705.24
1785.16
2259.34
1492.02
1780.98
1260.39
715.19
2165.83
1373.80
2511.64
1264.89
1420.53
2265.22
2055.54
1681.59
1468.72
1699.94
1235.42
1889.71
1387.51
1056.04
2399.42
1449.65
2301.92
3336.46
1544.15
3095.27
2810.35
2579.94
1396.06
738.49
1318.99
1550.04
2362.38
1061.36
2694.07
3106.67
1389.11
1586.22
1172.33
648.53
1729.08
1118.39
288.19
1439.83
1961.96
2369.89
2790.78
3266.97
2182.99
2442.19
2665.93
1808.90
1974.03
2622.33
1324.58
2046.64
2141.55
1798.47
2105.84
2830.33
1460.72
2379.61
2122.31
1714.76
1688.55
1342.45
3278.30
1426.12
2290.49
3086.41
991.62
2665.28
261.77
3169.51
1302.97
1765.67
2442.40
1191.94
2609.03
3208.72
2103.17
2468.80
971.89
2118.55
1663.58
1865.27
1664.83
3130.14
1334.26
2434.01
2147.41
1157.87
397.08
1918.89
663.07
352.71
2063.80
1493.62
1883.49
1871.76
2477.30
2999.26
1956.41
1842.26
1557.27
1718.10
1607.94
2598.45
1225.96
2274.90
1485.59
1649.09
2323.25
2686.61
2293.34
1213.90
1830.60
1768.47
2759.01
1235.02
939.71
1510.70
1706.88
1844.49
1452.60
2395.67
1843.82
2496.85
780.15
2577.22
946.39
2802.81
2811.84
1434.84
1238.04
1837.67
848.89
2751.22
1366.61
969.85
1590.82
1178.99
1477.15
535.67
1178.68
561.00
2666.70
3212.59
2268.97
2108.34
1689.20
667.85
1483.06
2797.87
1657.13
437.40
2021.55
2180.19
796.23
1360.76
1095.75
1296.04
1502.43
2530.13
1461.75
162.18
1300.19
3508.51
2197.07
2642.52
3264.70
1737.13
1955.54
3446.92
1295.34
966.87
1582.01
2303.76
1908.85
2685.61
927.98
2478.48
2503.71
2195.40
1112.02
3187.87
2348.49
1434.42
2629.11
1663.79
1591.80
2614.99
2041.76
1509.94
2133.93
2844.10
1518.93
897.57
2096.93
1117.03
1224.25
150.34
1724.68
3024.45
1663.58
1752.05
2019.51
2309.89
2032.23
1904.34
1426.93
1494.23
682.22
2851.25
2462.99
1699.41
1817.77
1687.52
2785.32
2090.54
2485.70
600.23
1411.73
2484.93
3462.02
2057.81
1216.36
1912.24
1520.13
1446.93
3251.35
2278.87
1794.57
2283.46
1406.77
1846.41
1713.98
2479.24
1792.76
2507.93
1473.79
907.19
2147.48
2408.33
1586.21
1973.75
2196.81
1689.14
850.57
960.47
2593.09
1556.70
2011.73
1365.21
1819.13
1990.55
1373.22
2426.95
1168.70
2491.41
1210.91
2069.24
940.29
2144.97
1256.92
946.03
460.27
2907.44
2412.11
979.93
1561.59
2907.04
2739.28
1751.55
3222.21
2030.37
2690.83
2001.12
1927.24
2847.39
1848.32
823.85
2862.41
1691.68
2171.00
2331.94
3100.50
2264.27
2145.45
2731.92
2050.78
1260.96
1193.72
1689.56
2260.95
1490.51
3445.95
2512.30
2268.35
2329.99
2843.52
1738.05
3283.55
1565.16
2000.96
2015.50
2289.72
2787.27
1026.79
2032.91
1673.44
1899.69
2567.79
1420.05
2528.93
1632.61
2951.90
2153.86
966.87
1466.65
2424.71
221.23
1842.24
3180.45
3314.14
1696.72
2353.56
2277.38
1523.26
1807.33
575.10
1567.43
1718.33
1414.43
1979.83
2127.23
1339.72
1436.66
1691.15
2204.72
2280.77
2172.87
2256.14
2179.55
905.79
1926.13
1562.76
1568.31
848.45
1111.12
995.70
2005.02
1084.38
2037.29
1304.51
2129.72
2503.46
2731.10
2551.80
3073.57
2193.01
1759.62
2496.29
3309.66
1255.33
865.97
1646.64
2104.50
1619.00
2275.89
2645.54
980.90
290.36
2871.57
1250.25
2670.71
848.89
3356.79
1898.31
2338.59
1790.13
1746.78
1559.35
2151.67
3291.32
1702.29
2491.38
2114.56
1832.92
2302.90
2194.85
3415.37
2179.26
2434.75
1428.30
2915.53
1165.44
793.58
1916.95
1518.55
1635.50
1629.14
1305.54
1998.62
2881.77
2369.81
2132.85
1791.04
1658.55
2247.63
822.32
2241.98
2117.87
1798.38
2912.52
874.81
849.60
2275.49
3041.97
1191.09
1944.89
963.73
1592.53
1386.33
748.57
2858.14
1456.34
1179.10
2519.04
1727.10
1432.79
972.95
1024.89
1437.95
2414.61
3153.94
1506.38
2286.44
2373.78
1647.34
1839.05
2918.75
2195.96
2792.76
198.42
2685.84
1790.51
1685.92
681.07
989.07
2803.17
2628.69
2092.20
1369.78
2116.26
1979.83
1659.50
1930.37
2367.26
1705.24
1426.68
2340.43
2338.30
1483.06
1671.12
1282.80
1063.95
1777.72
2859.65
2184.72
2712.05
3004.19
1798.38
2046.66
2108.37
1255.15
1389.10
1489.99
837.80
2048.31
2003.46
2626.61
1315.15
2563.49
2559.87
1556.68
2277.16
1608.55
2602.33
797.79
1050.17
715.19
2150.45
774.64
2722.77
1662.92
2619.43
2224.79
1796.94
1636.28
573.82
960.47
2808.72
1928.88
2487.35
1050.05
1193.47
1403.60
1311.23
1958.12
1733.04
1186.66
1912.60
1824.08
2124.16
1325.90
1907.25
522.58
1053.17
2454.05
2035.39
2527.93
1931.92
2614.03
2096.85
2563.04
3146.84
1671.35
2586.17
2320.05
1558.12
960.47
1798.24
2592.67
400.70
2898.46
2851.69
1037.45
2067.31
1648.26
1796.98
1716.36
1656.28
2326.20
2126.09
1056.03
1673.89
2354.78
2931.48
1053.05
1880.76
1842.10
732.45
2583.11
1880.76
1480.93
1551.86
2480.33
2208.00
1325.65
2795.34
1670.20
1312.14
322.00
1847.08
1550.50
1495.91
1970.01
1968.75
1251.14
2859.23
2577.38
1865.60
1184.10
2154.05
1347.18
955.60
1976.81
1723.26
402.81
2552.82
567.01
1513.04
1887.46
2244.98
2386.80
1878.06
2014.27
1931.47
437.40
1395.33
1985.08
2944.49
1596.78
2422.56
2695.64
1642.15
1671.89
1938.85
1710.19
2295.46
477.84
3078.57
1755.78
1323.24
1042.83
904.51
3102.33
1361.08
1483.48
2824.51
2977.72
1237.07
2668.51
2250.68
966.26
2360.80
1682.08
2771.44
2512.68
2401.51
2760.80
1887.23
1745.09
1363.52
1652.40
2715.82
2787.89
2226.76
971.31
2668.48
1741.57
1999.83
2115.95
1882.87
2347.92
1482.86
1737.13
1295.34
3330.01
1488.86
2661.71
2364.91
2094.27
2786.04
1898.06
1754.73
1833.97
2274.37
2377.35
1268.22
1504.74
2060.05
1686.68
1847.08
2201.62
1475.71
1311.68
1308.04
1613.16
3393.19
2232.23
1419.87
3263.69
2203.58
2634.33
1899.69
2509.79
2629.30
2293.01
2254.36
1332.35
500.92
2242.66
1952.80
2393.20
1986.40
3106.24
2228.14
3013.94
1157.87
1689.86
1385.20
2348.98
2350.73
2209.21
1539.23
2616.80
2203.74
1568.19
3457.65
1940.05
3293.62
2752.34
1367.03
1145.63
2096.99
2704.75
2341.29
2220.13
1290.98
2841.44
2534.53
2838.57
2096.17
2213.92
3167.34
648.25
982.71
1982.95
848.42
2169.11
2000.81
3045.08
1218.05
1645.23
2231.75
1472.72
2695.08
2411.22
1253.76
1500.18
2306.56
2343.90
2264.95
1586.25
2946.84
2124.92
1522.76
1620.83
1515.99
2187.80
1910.89
1830.47
661.03
1256.31
1823.88
950.24
1458.63
2257.99
2063.80
2999.16
2974.00
2746.16
2441.27
1643.96
2106.18
2487.11
2241.07
2373.08
2989.21
3563.43
2176.46
1747.22
2063.82
2619.24
2987.75
1887.07
1508.91
2693.50
2208.98
2319.55
1380.22
1696.65
3218.63
2481.52
2927.12
2129.50
2881.95
1154.63
2132.47
780.95
1451.88
2620.39
1197.90
1846.27
2796.27
2848.35
3012.82
2342.84
1924.18
1334.44
2067.68
1906.35
1902.37
2026.90
2873.79
1809.92
981.72
2277.67
1686.08
1959.04
1779.74
1519.98
3224.98
2968.64
2766.73
2054.89
1187.42
1931.21
1651.54
2512.94
1574.65
2364.96
1340.53
972.95
1466.69
1942.38
1787.22
2824.36
1275.72
1663.39
2845.76
1988.68
3201.74
2509.68
575.50
1571.62
1145.33
1387.17
2711.69
1321.05
1619.00
2544.58
1205.03
1756.30
3292.71
1728.07
1632.10
1696.65
622.82
1168.25
1598.50
2237.02
2010.91
1990.11
2360.63
2316.82
1653.43
1558.12
888.35
2274.39
2444.69
2971.47
2522.78
2870.95
1917.16
1436.60
1233.88
2272.94
1105.86
1747.26
1907.56
2805.03
1243.36
2558.19
2734.49
1330.59
2706.31
1267.76
1950.73
2105.06
1878.68
2767.42
2612.52
2665.78
1837.56
2078.32
1711.98
1468.01
2062.71
1768.63
2951.57
2531.08
1477.01
1330.62
2150.83
1245.42
2090.54
1491.05
1508.09
1827.44
2150.47
802.95
1441.16
2074.22
1363.09
624.78
1102.34
478.62
1627.28
3100.15
715.19
2542.69
2413.16
2378.41
2637.61
2568.07
1930.24
802.95
1531.20
2847.95
1999.98
2422.74
1349.04
2277.03
2426.25
1757.75
1481.80
1554.31
2878.67
1777.14
1437.95
1660.61
1653.69
807.48
1126.80
935.40
1611.66
1447.15
1531.18
1396.94
1248.13
2044.04
1217.87
1321.40
421.14
1985.46
1851.86
1379.40
2968.74
1315.04
2738.82
1778.48
2701.54
2937.82
2247.31
1734.01
2613.32
2173.97
2855.14
1102.40
1854.12
1340.72
2448.00
838.28
1496.46
1994.64
1459.63
2967.21
1617.58
1467.00
2512.34
1587.80
1943.24
1862.45
2014.77
1659.50
1703.20
752.69
2700.44
1675.03
3220.30
1073.08
303.94
1326.66
1338.30
2313.55
2953.60
1063.46
1747.17
2219.66
1467.98
1842.55
1661.61
2229.25
2489.06
3499.35
789.01
2021.89
883.11
3055.21
1752.40
1189.47
1234.03
2629.38
1784.82
1273.45
3368.16
2066.72
1228.94
2438.98
2351.97
2169.33
3267.24
2058.08
1870.04
2343.59
1747.52
2208.20
1881.72
2282.38
1593.68
2121.21
1600.42
2539.10
2916.13
2860.43
2808.22
1153.11
1793.13
2091.00
1725.08
964.44
1269.20
1171.68
1952.80
1720.70
1967.37
1759.97
1197.24
1929.20
2608.74
2375.56
500.92
1050.25
1710.53
2628.03
922.69
1217.00
3229.43
2576.48
2346.35
2683.21
1715.31
922.17
2813.35
1973.78
1737.61
2748.15
1479.01
3131.71
1256.92
2821.13
1796.70
2348.81
2486.58
1414.66
2042.28
1396.95
2709.03
2991.04
1805.46
2296.88
2013.31
1785.47
1241.36
1099.89
1535.73
2278.27
3212.69
1514.69
2828.30
1366.61
1494.23
1492.02
2175.48
1656.33
1163.10
2781.96
3205.25
1507.08
1368.38
1107.96
1824.34
2239.35
737.28
2715.52
1487.93
2904.00
1957.03
2702.78
650.68
2399.27
1685.67
1759.10
1492.02
1135.92
1259.39
2743.88
1661.92
3126.88
1985.44
2354.85
2343.31
1443.02
2304.61
1903.08
2993.16
2232.10
2134.05
1745.42
1342.37
3103.87
2674.39
2042.52
686.23
1592.97
3121.54
1919.73
2509.95
3033.59
1360.97
1826.36
2749.10
2381.20
1762.74
2583.46
704.94
1502.02
2024.41
2146.44
1846.41
1012.81
1370.93
2351.67
981.99
2561.07
2429.66
2222.43
1796.98
1237.07
3512.27
2918.95
2233.49
2478.24
503.70
1501.35
1622.40
2167.15
2425.97
459.21
1986.04
1317.33
1827.44
2933.82
1805.40
2893.17
2790.10
1709.96
2389.38
2938.42
2029.39
2152.28
1502.49
1090.31
3417.74
1475.40
1861.82
1492.02
1832.34
1760.89
1139.74
2009.67
1894.85
1495.80
1502.49
1593.24
2309.59
2074.00
1351.79
1142.18
1721.56
2991.47
2135.55
1786.83
3225.19
1510.91
2875.54
1025.15
2042.31
1230.57
1287.00
2041.74
1606.94
1306.30
1666.19
1037.23
2607.77
1670.29
1954.38
2439.63
1803.98
1462.01
1790.34
1344.71
2025.02
1265.57
1923.21
2195.72
1467.12
998.79
1768.69
808.23
3247.95
2208.76
1412.96
2117.03
494.63
1801.62
2020.81
1677.50
2056.71
2778.96
1500.62
1596.22
1972.49
2848.33
1663.58
1961.06
2340.74
1478.11
3403.09
2373.48
1455.85
2344.29
2234.97
1039.35
1921.41
1724.33
1506.27
3612.36
2371.39
2786.61
1964.69
2207.41
1353.03
1346.46
2875.88
2121.41
2348.41
810.48
1544.30
2541.10
1358.82
2402.01
2102.32
2598.64
394.41
1265.57
3429.13
2714.21
693.36
1878.31
2218.59
1915.79
3101.74
2716.21
1371.86
1547.50
875.39
2095.99
1623.26
1411.08
2090.90
225.12
1862.13
650.68
1226.72
2568.68
1349.04
2159.33
1876.36
2578.09
3061.21
949.04
1837.25
669.85
2759.94
1055.31
1085.79
2556.99
2636.94
2521.48
666.59
1699.94
2197.33
1271.09
1149.07
1157.22
2421.78
3226.70
2347.95
2896.32
2939.49
2189.25
886.81
1408.80
1796.98
3317.63
2399.09
2857.17
1208.12
2318.13
1443.02
1988.56
1668.32
1376.59
2800.12
2775.14
1122.98
2527.22
2286.74
2324.57
2230.70
1462.94
1375.88
1939.43
2968.70
1087.89
1739.33
1980.99
2410.41
1022.15
2030.09
1550.04
2421.85
2272.74
3255.29
1403.60
1090.19
2436.11
2330.29
2787.05
1309.54
1443.02
1713.94
1499.24
1564.98
1964.48
2951.00
2354.37
1246.86
2342.79
2072.71
1215.96
1957.39
3210.12
2730.17
2012.47
2263.74
631.81
3002.05
2444.40
2976.70
3122.58
1880.45
2478.36
1990.35
1237.07
2488.22
3148.69
3173.85
2152.61
2375.53
2404.25
953.01
2221.47
1062.52
2196.71
1510.57
1695.08
1372.83
895.44
1571.09
2271.20
2307.05
2049.47
3037.21
2878.76
1519.35
2522.12
995.48
2170.88
1731.01
1930.75
1267.98
1109.32
2679.44
2259.98
2001.86
928.26
2094.58
1561.40
1772.54
2632.66
1664.76
1499.68
1757.81
2466.81
1473.75
1584.73
1714.57
1836.58
1621.11
2772.68
1135.89
1376.57
2135.04
779.66
2651.13
2275.50
2118.59
1551.94
1779.08
446.94
3478.69
3221.98
1230.15
2800.06
1297.23
1035.14
2116.27
1405.14
2904.18
3372.65
1539.47
1992.40
1624.87
255.57
2947.09
1625.58
2119.37
2547.17
1650.33
1615.53
2764.19
1347.02
2054.79
2357.54
1079.72
2255.25
1046.60
1026.92
2357.27
2012.83
1914.52
2962.52
1936.72
1548.97
2710.30
1732.46
2239.83
2257.69
1476.03
1902.61
1149.17
2362.33
2797.44
1061.80
621.12
879.65
2715.59
1798.38
1507.58
2903.43
2103.70
1790.54
2927.34
1467.06
2902.26
1628.83
1777.46
1584.73
1382.59
1807.42
1282.80
1149.07
1759.97
1980.00
1842.09
1788.75
2936.87
2262.81
1829.46
1520.48
1319.25
1563.23
2364.58
2031.94
2838.30
2056.28
1640.77
1766.55
866.18
2938.26
2010.09
1485.15
1458.63
3339.39
3401.74
1237.31
2179.43
2123.53
718.30
255.57
2220.38
1540.32
1501.86
1613.75
789.01
2643.01
2664.61
1788.90
1739.18
2329.67
1562.39
935.38
2109.35
1505.01
1540.48
2376.83
1255.33
1235.30
937.00
1936.65
3222.23
3133.29
2402.58
1844.58
1694.61
2415.69
2290.54
1291.23
1373.40
2384.44
1267.67
2418.88
1696.65
2639.20
1898.26
1703.61
1685.97
2024.20
841.27
1336.23
2048.28
1975.82
1352.36
1541.45
1586.39
2102.31
1964.36
1857.63
1944.07
1807.33
1861.10
1586.22
371.70
557.32
2314.38
2404.82
1344.22
1827.18
1402.81
2040.69
970.84
2465.90
1845.35
3165.89
1191.99
1419.34
1494.23
939.00
3208.27
1760.29
786.07
1336.74
2468.15
2667.00
1548.46
2689.46
1645.25
751.68
1787.57
2958.16
2008.40
2279.82
1704.53
2997.43
1251.14
2546.31
1690.29
1364.54
1647.20
1748.87
2220.59
1925.46
1567.83
2270.76
913.92
1180.15
1489.99
1847.05
1903.76
2702.19
2276.80
636.02
1934.55
1488.60
966.87
2317.31
866.18
1737.22
2202.73
1972.07
1908.96
1666.18
1059.32
1422.01
1883.49
1943.66
2408.49
1308.22
738.92
2828.92
1915.70
2236.91
2514.57
2395.44
1392.26
388.21
3287.74
2112.59
2222.09
1324.64
2229.49
1913.85
3066.78
2279.62
1662.88
2216.47
1847.26
1158.02
2742.43
2353.75
1816.98
2276.70
3380.42
1434.84
1344.18
2791.79
1770.91
1129.94
2361.82
1524.17
1229.21
1243.35
2315.19
2830.47
1116.56
803.60
2144.13
883.11
2527.06
2271.89
1685.91
2239.83
2405.44
2063.34
1413.36
3044.88
2110.80
1718.81
1745.16
2110.78
1516.58
2092.72
1223.12
1596.40
835.54
2828.68
1361.11
1555.48
990.84
3192.30
2201.19
1922.26
3107.52
1220.35
2973.22
2121.79
1672.25
2128.15
2764.49
1976.26
1067.65
2437.44
1551.78
917.79
3050.96
1237.07
2847.42
1369.36
1451.85
1465.30
1883.21
2393.65
3313.12
2003.05
2185.37
2334.33
1126.54
2157.92
883.11
1419.88
1600.90
1267.98
1229.19
2436.71
2475.27
2148.95
1260.96
1608.18
2131.06
3064.51
2776.56
986.08
1296.78
1109.32
2298.77
1938.29
2264.26
2090.47
1718.70
503.16
2285.40
2456.74
1560.53
2206.56
1209.81
2548.97
1809.91
1887.96
829.93
2239.35
1728.49
2441.48
2429.87
1800.19
2882.87
1756.87
1827.44
3161.94
474.93
1411.72
577.25
2333.75
1323.58
1336.50
2885.04
2279.82
1451.42
1779.20
1580.95
2656.73
1787.57
587.31
2622.42
1433.51
1819.41
1458.80
2741.64
2139.95
3019.35
2443.64
2204.61
1485.37
2289.08
989.07
2285.80
2476.96
992.40
1561.37
2001.74
1987.79
2516.40
308.48
1696.72
1643.96
1904.67
1090.31
963.39
2299.65
1917.02
1736.59
1800.25
1107.96
1898.72
1585.02
1146.78
1292.93
2068.72
1843.33
1970.69
1684.45
2771.07
2729.53
1592.63
1550.39
989.32
2601.03
1306.29
1100.07
1930.89
1638.63
1752.72
2187.83
1301.17
2310.28
1499.55
2859.11
1505.74
1850.24
1546.98
959.63
2034.34
2122.80
1810.70
3222.92
1533.95
1440.83
1648.44
1682.62
878.48
2114.65
1403.60
1614.63
2978.54
1843.97
1167.78
1742.02
1499.34
2536.02
2445.09
1362.39
1985.34
938.12
2740.94
2100.28
2279.82
1183.74
1663.02
3274.90
1965.34
2444.83
1250.66
2286.57
1513.04
2059.26
1575.41
835.54
1434.42
1344.71
2228.00
1809.26
1199.54
2236.76
1511.74
2065.70
1588.68
1732.46
3055.48
2752.22
1302.97
2809.66
1541.74
2125.25
1585.65
2181.84
1942.90
1770.28
2618.38
2109.58
1837.11
1106.96
1402.09
2526.98
1694.37
2333.50
2181.47
3198.58
2400.00
2132.85
2517.69
2068.49
2267.40
1878.06
1434.71
1842.35
2052.10
2237.67
1372.31
1142.44
628.40
2848.21
1365.24
2557.57
1752.72
3116.79
1984.27
1385.92
1982.85
3485.43
434.19
1809.11
1435.96
2525.24
2111.33
1517.37
1804.89
1320.08
616.24
1489.38
2004.34
3301.74
2051.02
3276.34
2162.63
2453.76
2593.80
2456.65
1462.71
2381.64
850.33
949.34
1859.25
1896.32
1392.53
2706.93
1699.77
2055.30
2147.48
2296.78
2047.47
1434.42
2334.27
1440.40
2048.08
2873.74
2626.78
1127.81
1285.49
2320.18
1675.08
1374.90
925.29
800.30
1765.38
2567.53
1029.87
1281.09
1330.48
1753.56
1891.65
1564.14
956.61
1883.49
1920.83
2404.74
2686.69
2101.02
1483.59
779.66
2119.70
1579.12
1094.00
1785.47
1970.01
1953.21
3200.74
1811.39
2068.20
1523.17
1487.57
1520.44
1311.59
2223.99
2266.82
1343.51
1714.27
1760.00
1760.31
1408.56
2809.61
2227.63
2050.62
1911.32
1357.00
1361.30
1827.44
1287.00
1614.22
2000.23
1271.58
668.70
3100.35
2274.14
1127.14
1238.04
1712.27
1267.29
1593.24
1560.78
418.17
1833.11
2946.98
2520.54
1729.08
2380.12
1735.54
1645.60
2245.08
3165.88
2656.03
2054.99
2437.50
2096.39
1726.51
1875.71
2202.04
1765.41
1250.66
1747.22
1906.54
1642.15
2236.73
718.71
1936.26
1538.63
1707.42
1077.35
2805.26
1932.69
2116.74
2575.97
2064.44
1608.55
1209.91
1450.67
935.40
1892.73
2278.64
1045.96
1478.11
1503.98
1062.56
1907.71
1737.72
2388.37
2787.35
1589.10
1396.28
1047.70
2368.75
850.39
1058.50
1225.48
1841.29
2637.29
2260.54
2603.27
1880.41
2657.36
788.53
1353.11
3198.30
2024.37
1317.33
1374.90
2299.82
1402.03
2841.96
2285.01
1050.25
2251.14
3293.82
2643.52
2318.71
1941.11
1266.06
2166.25
1542.29
1760.84
2126.19
972.58
852.48
2901.44
2357.92
718.30
1465.72
2511.12
1447.21
2473.65
2844.11
1084.79
1104.34
1984.47
1771.80
1060.34
847.80
819.87
2322.87
2730.39
1351.69
2567.87
1453.26
2711.91
2284.55
1671.07
2194.43
3072.30
2198.63
2028.73
2187.96
1340.82
1183.35
1539.00
1558.09
2249.89
1556.78
1428.54
1852.24
2514.94
2258.97
2050.62
2494.11
2367.33
2035.81
2934.36
1776.62
1532.57
1402.61
882.11
1747.22
1642.65
2294.25
1755.18
1468.19
1661.47
1991.76
1920.83
1904.85
1234.80
1873.44
2387.23
795.80
2389.19
1023.65
1691.15
1920.22
1344.49
1333.74
2035.93
2127.88
2199.51
2446.35
1674.40
2411.54
2010.57
1912.44
1708.84
2801.08
1571.49
3139.40
2422.38
1478.31
856.94
965.43
3427.57
1611.99
1183.94
2197.82
1813.91
2645.68
2459.91
1826.36
1852.24
2271.63
2325.40
3265.54
2544.25
1306.64
1478.93
2099.21
2114.63
1412.91
1164.20
1522.45
1559.28
1416.86
1856.95
1691.15
1494.63
2562.37
2840.07
648.53
1083.35
2546.81
1730.77
1657.72
2333.07
2256.66
1445.97
1307.85
2747.13
1528.96
1505.63
2709.73
1837.85
2587.43
1798.21
2522.30
1694.61
1432.79
2716.24
3040.84
2491.99
1563.02
624.78
1581.26
1406.95
897.78
751.58
2464.60
1329.47
3009.67
2019.73
2256.49
3218.86
2252.43
1753.10
1523.26
2289.08
1645.23
1222.52
624.04
1453.14
2476.98
2464.31
1064.41
2062.70
1710.00
1649.04
2273.42
2939.78
3144.25
1902.37
1918.96
1956.89
1300.66
1197.98
834.96
2488.16
2076.60
1534.47
2157.98
1984.43
2701.36
2560.95
2858.33
1502.49
1962.95
1963.74
2283.98
2537.49
2833.73
1604.81
1488.21
2111.47
1480.87
1799.02
1434.42
1439.17
1852.47
1833.67
1744.66
1991.96
717.58
1561.20
2597.91
2111.56
1607.36
1473.75
1870.25
2116.45
1642.32
482.65
1548.87
695.66
2830.17
1480.08
2441.09
962.14
2022.56
3276.12
1745.18
2127.75
2774.98
1271.52
1803.97
862.08
1670.97
3204.75
1453.86
2085.00
1796.08
2302.77
419.31
1485.05
2184.15
1389.11
3545.96
3123.44
402.81
2302.93
580.50
1553.21
2090.31
1568.41
1742.17
2919.85
2537.10
540.97
422.25
1843.40
1672.62
1818.15
1077.12
1287.18
2286.23
1302.86
2536.49
1983.47
1582.98
1123.99
1348.57
2399.84
2427.16
1228.99
2439.50
2133.91
1876.15
933.28
1356.61
2329.06
1888.71
993.55
1786.88
1489.41
2243.53
647.00
1853.84
1785.53
2594.65
2377.90
2249.71
1755.99
800.30
3022.70
788.62
2070.51
1113.16
2128.61
1934.30
1251.14
2313.83
1562.23
1888.91
1478.93
2752.12
3212.99
2564.26
1240.60
1897.19
1373.40
1733.26
2862.42
1691.68
2551.75
1264.18
1574.57
1235.69
2323.92
1784.69
2430.99
2878.99
781.82
2102.58
1673.70
2949.58
1050.05
1022.81
950.24
1758.56
2214.64
1445.09
2839.06
1608.55
1678.42
986.48
2441.15
1471.62
2530.64
850.82
1134.47
1846.86
1534.07
2320.45
2701.78
1473.55
2275.96
1172.71
683.10
2198.36
1742.12
1191.63
1577.55
3088.09
1237.62
2070.65
1849.06
1504.63
1874.32
2215.58
2030.12
1828.97
1387.43
740.50
865.19
2667.43
1747.64
1134.47
1445.69
1994.60
1202.69
852.02
2356.06
781.82
862.61
1843.29
2083.22
2244.46
1622.85
1634.04
2312.70
2301.34
1754.25
1931.21
1748.77
2155.34
1791.69
1533.67
2438.98
1515.54
1730.86
1447.25
1486.18
1729.08
1641.76
1829.06
2795.76
2797.34
2665.21
2468.31
1190.16
2694.09
1645.06
2140.93
1952.28
1339.63
2457.38
1899.69
2550.25
2683.48
1360.76
1153.27
1403.60
2099.11
2285.61
2927.14
804.91
1748.30
882.20
1827.25
2662.53
1647.10
2342.50
1017.64
1246.73
2446.66
1413.52
2199.83
1467.52
1324.64
3459.39
1698.00
859.32
1720.66
2068.85
1429.52
2098.98
1980.88
669.85
1869.17
938.21
868.72
3132.25
1637.49
2710.47
3049.21
2601.25
2468.31
2878.87
1528.45
1522.92
2158.92
1372.31
1366.61
1066.18
1815.02
2596.96
1435.34
681.57
1596.03
1812.96
1951.00
1979.09
2584.16
800.30
909.17
1512.67
1273.45
2769.34
2115.66
1234.02
1921.68
2181.98
1977.89
1818.36
1173.41
961.21
1975.23
2292.40
1755.18
583.62
2941.92
2234.49
2842.63
2142.33
2849.12
831.96
884.20
2843.67
1649.04
2496.37
2287.18
1384.77
2011.24
1062.52
962.77
2015.18
1617.07
1645.29
2250.14
1747.77
1341.60
2234.32
1905.50
2182.19
891.28
1807.32
1368.02
2265.09
1520.73
1774.36
2384.29
1515.54
2353.64
2978.54
1649.42
1880.30
2116.52
3114.09
1680.41
2049.64
2130.46
1613.05
1636.07
2077.05
1169.36
2165.01
781.82
1998.84
1632.51
1577.35
1986.76
726.14
1353.77
3027.36
738.92
2860.43
2003.65
1948.29
1646.15
2305.06
3401.35
1882.43
1561.20
1450.50
1656.78
813.95
2526.92
1945.03
2827.77
2353.14
2449.85
1202.69
1793.36
2304.19
2593.03
1251.14
1948.35
1959.51
1038.72
1921.09
2317.79
2475.95
1720.21
2457.23
1814.41
2781.69
255.57
1394.55
1222.60
1372.83
880.41
2588.64
1811.65
1410.58
907.19
2389.36
1345.24
158.35
1290.42
924.90
2787.85
2855.98
2856.99
2504.85
2444.23
1336.46
1874.66
1353.91
2000.75
2319.18
1198.43
949.34
2661.78
1924.93
1023.41
1812.46
2445.46
2047.02
1698.00
2561.10
2123.16
2870.74
2634.20
2212.49
3056.32
2032.22
1392.10
738.01
1401.60
869.66
2768.41
2458.06
2458.20
1844.12
2072.72
1418.08
1508.88
589.11
1815.02
2451.24
1483.33
3145.08
1587.21
1598.60
2308.93
844.90
1916.82
1183.10
2316.52
1435.96
1727.93
1274.47
2549.08
2438.03
2320.76
2171.62
1140.36
2124.16
1489.69
1604.85
2118.50
1662.89
1522.60
1284.51
1361.08
1081.05
1620.71
3103.89
2797.16
1346.11
1897.19
1883.89
2392.67
543.56
2551.74
2388.14
464.68
1677.70
2062.94
380.15
1410.58
2086.02
1940.01
1710.72
2119.84
1799.21
2476.74
2821.27
963.00
2468.20
1027.99
1635.50
1419.48
1721.08
2925.73
2605.39
1960.92
2163.73
1945.36
1875.72
1747.28
2730.39
1374.90
1917.13
1802.92
2670.78
592.76
1141.20
901.36
879.65
3114.79
875.39
1792.53
1844.58
1522.60
1969.34
631.35
1698.90
1582.88
1487.18
1324.53
1054.42
2055.93
1707.38
3464.97
1434.42
1739.18
1253.59
1883.05
902.09
2620.94
1547.50
2695.70
1300.05
1846.24
1840.87
1514.00
1899.69
2261.16
2446.92
1675.40
2141.47
1356.84
1622.81
848.89
2470.60
2261.12
2092.74
1789.44
2368.19
3091.38
2394.06
526.56
2215.10
2593.22
1277.26
1196.96
2033.69
1882.41
1978.17
1334.28
3296.30
2078.69
1784.20
2014.72
1889.90
2248.50
1616.19
2407.35
2117.16
1550.16
639.87
2326.95
1788.75
1801.23
1235.69
3224.69
704.94
737.47
1053.37
2857.70
1441.94
